! ASCII_TEXT TEMPLATE OF SPATIO-TEMPORAL VARIABLE
! DISTRIBUTED IN A 3D SPATIAL GRID (X - Y - Z or LAYER)  
!
!  xmx,ymx: maximum x and y coordinate 
!  ymn,ymn: minimum x and y coordinate
!  nlayers: number of vertical layers along z axis
!  nrow: number of rows 
!  ncol: number of columns
!  brickvalues: variable values organized as a vector (x - y - z) 
!
!
Date=1/1/2009
xmx=659889
ymx=5101254
xmn=655889
ymn=5095754
nlayers=15
nrow=11
ncol=8
brickvalues=0,0,0,0,0,0,0,0,0,0,0,0,11.1152124404907,0,0,0,0,0,8.86954021453857,8.97789669036865,10.8746881484985,11.7855920791626,0,0,0,0,8.24160575866699,9.38403415679932,8.31588172912598,10.7881031036377,0,0,0,26.7527503967285,3.39369988441467,4.86633205413818,9.27721500396729,7.87741613388062,0,0,0,26.6279945373535,26.8134384155273,3.21385788917542,7.72000885009766,9.25744342803955,0,0,0,24.5065288543701,24.717752456665,2.91059899330139,3.27783799171448,3.50363206863403,0,0,0,23.529260635376,21.5456123352051,16.2467212677002,19.2008361816406,21.1654357910156,0,0,0,9.24697303771973,5.52083110809326,109.10636138916,82.9663238525391,110.44847869873,0,0,0,0,0,107.734855651855,83.2417373657227,109.690658569336,0,0,0,0,0,0,0,0,0,0,0,0,0,0,0,0,0,0,0,0,0,0,24.1518096923828,0,0,0,0,0,24.370433807373,24.2886276245117,24.2267665863037,24.1657810211182,0,0,0,0,24.4084739685059,24.3727970123291,24.2871036529541,24.236349105835,0,0,0,198.227386474609,24.4975814819336,24.4980907440186,24.3788070678711,24.2748508453369,0,0,0,198.489501953125,198.553359985352,24.4734497070312,24.4286708831787,24.3783264160156,0,0,0,199.951766967773,199.48225402832,24.5121059417725,24.5544452667236,24.5827178955078,0,0,0,199.011566162109,199.037414550781,175.379608154297,175.185287475586,175.169708251953,0,0,0,151.437057495117,178.178207397461,135.517379760742,108.973159790039,160.615646362305,0,0,0,0,0,136.924087524414,108.816528320312,162.390441894531,0,0,0,0,0,0,0,0,0,0,0,0,0,0,0,0,0,0,0,0,0,0,195.482055664062,0,0,0,0,0,147.702774047852,196.694534301758,196.137008666992,195.611846923828,0,0,0,0,147.939880371094,147.705688476562,147.143051147461,196.242614746094,0,0,0,159.615737915039,199.665786743164,198.686676025391,147.755813598633,221.503067016602,0,0,0,159.795257568359,159.936248779297,148.459197998047,148.062377929688,197.522674560547,0,0,0,159.642074584961,159.290924072266,199.857482910156,199.107543945312,199.343566894531,0,0,0,159.701400756836,158.54638671875,133.696151733398,162.675796508789,162.408508300781,0,0,0,130.408508300781,165.127349853516,90.8325653076172,173.134124755859,92.3613052368164,0,0,0,0,0,95.3319549560547,176.26335144043,93.3634719848633,0,0,0,0,0,0,0,0,0,0,0,0,0,0,0,0,0,0,0,0,0,0,287.517059326172,0,0,0,0,0,178.791076660156,291.748016357422,286.984527587891,286.678161621094,0,0,0,0,179.179840087891,178.739196777344,177.640716552734,315.376037597656,0,0,0,163.343322753906,161.041915893555,160.332275390625,178.855575561523,184.800445556641,0,0,0,163.956039428711,164.018829345703,181.394119262695,179.17546081543,294.015197753906,0,0,0,164.305587768555,164.506546020508,161.101959228516,160.792205810547,161.435043334961,0,0,0,164.115463256836,164.446731567383,113.552032470703,168.044006347656,168.820983886719,0,0,0,116.673431396484,173.233581542969,125.956359863281,183.523544311523,153.106643676758,0,0,0,0,0,122.428771972656,153.532913208008,151.829483032227,0,0,0,0,0,0,0,0,0,0,0,0,0,0,0,0,0,0,0,0,0,0,192.863464355469,0,0,0,0,0,331.175018310547,195.244689941406,194.080917358398,193.043869018555,0,0,0,0,331.269958496094,332.106536865234,330.818145751953,196.110885620117,0,0,0,201.49821472168,163.685989379883,163.65495300293,331.674530029297,190.884918212891,0,0,0,202.359634399414,202.464065551758,137.012847900391,331.588012695312,197.428726196289,0,0,0,203.939407348633,204.848083496094,164.003982543945,164.811004638672,164.956329345703,0,0,0,204.550582885742,207.578750610352,173.712677001953,183.774520874023,179.536712646484,0,0,0,145.47331237793,188.069869995117,92.2761077880859,97.2354354858398,126.371948242188,0,0,0,0,0,61.7149925231934,62.8490982055664,62.5930976867676,0,0,0,0,0,0,0,0,0,0,0,0,0,0,0,0,0,0,0,0,0,0,329.078735351562,0,0,0,0,0,381.474456787109,341.662078857422,334.725341796875,329.890594482422,0,0,0,0,349.139312744141,379.948944091797,368.997894287109,383.6494140625,0,0,0,159.431610107422,232.114456176758,202.380096435547,381.410919189453,233.358703613281,0,0,0,127.989646911621,128.110305786133,197.813415527344,350.113128662109,354.580780029297,0,0,0,100.856384277344,106.256355285645,232.658050537109,203.267227172852,203.717361450195,0,0,0,105.992362976074,107.177696228027,200.917892456055,106.489852905273,105.690422058105,0,0,0,225.241714477539,72.7781753540039,102.158912658691,38.0037574768066,72.0907363891602,0,0,0,0,0,135.486801147461,71.2466812133789,137.324066162109,0,0,0,0,0,0,0,0,0,0,0,0,0,0,0,0,0,0,0,0,0,0,156.545532226562,0,0,0,0,0,41.9388084411621,80.865234375,120.174911499023,158.419906616211,0,0,0,0,85.8485107421875,44.9694061279297,82.823974609375,42.9908905029297,0,0,0,153.524703979492,295.368377685547,309.653289794922,41.9936103820801,281.175170898438,0,0,0,195.442459106445,196.376586914062,366.943115234375,40.8553161621094,48.4132347106934,0,0,0,193.506134033203,153.969436645508,251.303955078125,282.068664550781,282.385375976562,0,0,0,153.67546081543,154.930084228516,113.675682067871,110.967002868652,109.926361083984,0,0,0,150.428329467773,110.466377258301,108.103240966797,108.022796630859,110.827827453613,0,0,0,0,0,109.990760803223,107.833297729492,112.093170166016,0,0,0,0,0,0,0,0,0,0,0,0,0,0,0,0,0,0,0,0,0,0,46.9233512878418,0,0,0,0,0,46.6732406616211,42.5767288208008,47.7706451416016,48.2840232849121,0,0,0,0,48.8237266540527,48.1539192199707,47.613452911377,47.2833518981934,0,0,0,46.7018508911133,48.4557914733887,46.6672286987305,46.7808265686035,44.5088081359863,0,0,0,46.255973815918,46.4351043701172,43.2394828796387,48.9123611450195,46.6557579040527,0,0,0,42.278995513916,47.0148048400879,48.7512321472168,51.6872596740723,47.1183586120605,0,0,0,50.1808738708496,49.1851615905762,47.001392364502,41.7405548095703,41.4883918762207,0,0,0,50.9595756530762,42.0684585571289,44.0925025939941,41.3896675109863,40.8439331054688,0,0,0,0,0,41.5050048828125,41.9462471008301,43.7793960571289,0,0,0,0,0,0,0,0,0,0,0,0,0,0,0,0,0,0,0,0,0,0,52.7383842468262,0,0,0,0,0,50.8874282836914,53.0702705383301,54.0251808166504,52.5776252746582,0,0,0,0,53.7946243286133,56.8656921386719,53.1714057922363,52.4605331420898,0,0,0,50.6176681518555,40.8971824645996,55.2238388061523,51.5346488952637,52.4249382019043,0,0,0,53.0250091552734,53.3266220092773,51.4109497070312,55.069091796875,55.3703804016113,0,0,0,53.7733192443848,48.1798515319824,50.587818145752,58.3807716369629,57.4076232910156,0,0,0,50.2391891479492,55.3614196777344,39.0959625244141,59.1372528076172,58.2767524719238,0,0,0,49.2526931762695,57.2239227294922,51.1445007324219,51.6515998840332,56.9296340942383,0,0,0,0,0,52.1477890014648,47.1463890075684,40.1119956970215,0,0,0,0,0,0,0,0,0,0,0,0,0,0,0,0,0,0,0,0,0,0,72.0934677124023,0,0,0,0,0,68.0568313598633,68.5325469970703,71.4363632202148,70.4196243286133,0,0,0,0,66.8633346557617,66.7745742797852,70.5030364990234,70.8694915771484,0,0,0,60.1488723754883,60.9270172119141,67.1999893188477,68.1556625366211,68.2327117919922,0,0,0,64.5489501953125,60.6502876281738,64.0436859130859,67.909553527832,58.3789138793945,0,0,0,65.0914154052734,50.7900810241699,60.0327301025391,59.7112922668457,63.1485481262207,0,0,0,61.543571472168,61.8894424438477,51.8662528991699,53.0205841064453,57.0107383728027,0,0,0,48.4636993408203,52.6943092346191,49.2794036865234,48.8801002502441,49.9541130065918,0,0,0,0,0,50.6127738952637,54.4009094238281,50.9815521240234,0,0,0,0,0,0,0,0,0,0,0,0,0,0,0,0,0,0,0,0,0,0,88.4107818603516,0,0,0,0,0,80.280029296875,79.3807830810547,87.0359649658203,93.4193420410156,0,0,0,0,83.3745269775391,88.6147232055664,86.9058380126953,89.8877944946289,0,0,0,70.4819641113281,77.7480697631836,80.3890838623047,80.5888061523438,81.220100402832,0,0,0,79.6397247314453,79.5490646362305,73.3603057861328,80.236213684082,86.881233215332,0,0,0,75.5319519042969,58.8052711486816,72.4005508422852,77.265510559082,77.0227966308594,0,0,0,68.4189758300781,71.5386352539062,60.0254745483398,60.6427192687988,60.966796875,0,0,0,54.7809562683105,54.2377243041992,53.3015823364258,47.9093284606934,53.3818817138672,0,0,0,0,0,49.8107795715332,49.6825180053711,49.7209701538086,0,0,0,0,0,0,0,0,0,0,0,0,0,0,0,0,0,0,0,0,0,0,97.4444885253906,0,0,0,0,0,79.1417007446289,99.7243423461914,88.0255126953125,74.0248184204102,0,0,0,0,27.3103656768799,60.8308639526367,77.1975326538086,76.7495346069336,0,0,0,76.3476943969727,23.9962520599365,55.7294502258301,79.608039855957,94.8703536987305,0,0,0,40.1591453552246,40.6973648071289,68.5838012695312,71.8549499511719,52.4938011169434,0,0,0,37.8653106689453,76.8933639526367,64.1541519165039,25.0589694976807,20.6799564361572,0,0,0,48.040771484375,30.5028686523438,52.8881340026855,58.1097259521484,65.0442581176758,0,0,0,57.5706558227539,53.3277816772461,12.6498689651489,38.708568572998,25.0938701629639,0,0,0,0,0,11.4621133804321,51.8762054443359,30.9243431091309,0,0,0,0,0,0,0,0,0,0,0,0,0,0,0,0,0,0,0,0,0,0,0,0,0,0,0,0,0,0,0,0,0,0,0,0,0,0,0,0,0,0,0,0,0,0,0,0,0,0,0,0,0,0,0,0,0,0,0,0,0,0,0,0,0,0,0,0,0,0,0,0,0,0,0,0,0,0,0,0,0,0,0,0,0,0,0,0,0,0,0,0,0,0,0,0,0,0,0,0,0,0,0,0,0,0,0,0,0,0,0,0,0,0,0,0,0,0,0,0,0,0,0,0,0,0,0,0,0,0,0,0,0,0,0,0,0,0,0,0,0,0,0,0,0,0,0,0,0,0,0,0,0,0,0,0,0,0,0,0,0,0,0,0,0,0,0,0,0,0,0,0,0,0,0,0,0,0,0,0,0,0,0,0,0,0,0,0,0,0,0,0,0,0,0,0,0,0,0,0,0,0,0,0,0,0,0,0,0,0,0,0,0,0,0,0,0,0,0,0,0,0,0,0,0,0,0,0,0,0,0,0,0,0,0,0,0,0,0,0,0,0,0,0,0,0,0,0,0,0,0,0,0,0,0,0,0,0,0,0,0,0,0,0,0,0,0,0,0,0,0,0,0,0
